12.509 14.545 6.122
2.730 0.210 9.758
16.276 15.029 15.359
2.138 17.335 5.995
14.272 14.514 9.461
13.168 12.945 1.604
3.921 13.444 10.905
0.349 15.082 11.023
3.442 9.939 12.264
3.160 4.332 4.277
14.571 9.991 9.779
0.189 7.701 9.875
14.788 2.192 5.965
1.946 14.087 7.747
4.317 14.576 15.531
1.598 14.104 3.996
0.738 3.339 14.669
3.310 5.086 9.228
1.541 12.841 13.756
0.851 3.157 7.127
2.982 10.772 2.353
6.648 15.456 8.984
6.115 8.441 14.600
17.370 1.155 3.164
12.239 9.821 17.087
17.257 9.422 13.293
4.528 1.279 15.972
15.774 11.212 16.335
5.315 11.926 7.714
6.188 11.599 4.062
12.955 11.023 4.756
11.228 6.983 14.416
8.031 5.274 15.462
16.334 0.427 8.973
6.328 12.094 13.568
11.856 4.113 8.103
2.410 6.357 12.571
6.243 11.265 0.189
15.559 8.669 6.055
7.337 2.182 13.410
1.195 7.010 16.004
10.785 3.788 12.437
11.750 12.734 11.757
13.937 3.736 14.791
1.474 7.289 2.373
12.432 16.635 12.008
13.198 16.783 3.366
16.792 4.760 4.015
12.088 8.004 7.518
8.557 9.623 7.395
15.075 7.982 2.211
0.462 3.288 10.841
4.553 14.303 1.814
9.207 6.112 9.878
11.406 8.166 3.050
9.660 10.482 14.241
1.914 16.959 13.858
11.674 11.670 8.195
15.904 0.599 12.961
14.898 7.600 15.782
16.145 15.213 1.829
13.351 5.648 4.886
13.354 9.773 13.315
3.500 8.866 8.714
8.182 12.244 10.204
0.749 11.406 10.021
5.114 14.970 5.503
15.409 12.645 12.530
10.414 14.998 9.234
3.018 10.225 15.941
6.090 5.537 12.070
1.790 16.763 0.212
9.392 16.880 6.240
14.116 3.025 10.823
12.415 5.771 0.402
4.013 0.720 2.827
6.732 8.954 10.746
4.278 8.270 4.816
15.840 12.351 6.901
12.992 6.615 10.927
15.387 5.403 8.086
15.997 1.141 16.926
2.072 3.297 0.800
16.103 5.906 12.760
8.791 8.423 17.373
9.269 0.901 10.354
12.745 13.119 15.235
1.662 10.731 5.974
13.927 2.861 2.364
1.301 6.839 6.441
9.646 11.367 2.338
8.674 13.213 6.405
16.502 11.431 3.053
5.358 16.545 12.444
4.268 5.031 15.445
16.173 4.833 0.323
6.304 6.686 7.548
5.711 4.027 1.354
4.950 7.735 0.830
12.610 0.409 8.351
1.338 13.126 0.146
8.135 14.738 3.000
8.816 14.997 12.713
16.040 15.906 5.741
9.105 13.379 16.490
10.539 9.377 10.797
7.743 8.251 3.659
3.727 2.671 12.482